27   9    40   3    103  7    20   2
3    4    12   3    12   2    3    1
0    0    0    0    0    0    0    0
0    0    0    0    0    0    0    0


12   2    3    1    3    4    12   3
103  7    20   2    27   9    40   3
0    49   50   58   48   10   51   58
50   10   49   48   51   58   54   10



49 '1'  50 '2'  58 ':'  48 '0'  10 '\n' 51 '3'  58 ':'  50 '2'
10 '\n' 49 '1'  48 '0'  51 '3'  58 ':'  54 '6'  10 '\n' 50 '2'
55 '7'  58 ':'  49 '1'  51 '3'  10 '\n' 0 '\000'  0 '\000'  0 '\000'


58 ':'  48 '0'  10 '\n' 58 ':'  10 '\n' 58 ':'  10 '\n' 58 ':'
10 '\n' 49 '1'  48 '0'  51 '3'  58 ':'  54 '6'  10 '\n' 50 '2'
55 '7'  58 ':'  49 '1'  51 '3'  10 '\n' 0 '\000'  0 '\000'  0 '\000'